-79 = [255][0][79]
-78 = [255][0][78]
-77 = [255][0][77]
-76 = [255][0][76]
-75 = [255][0][75]
-74 = [255][0][74]
-73 = [255][0][73]
-72 = [255][0][72]
-71 = [255][0][71]
-70 = [255][0][70]
-69 = [255][0][69]
-68 = [255][0][68]
-67 = [255][0][67]
-66 = [255][0][66]
-65 = [255][0][65]
-64 = [255][0][64]
-63 = [255][0][63]
-62 = [255][0][62]
-61 = [255][0][61]
-60 = [255][0][60]
-59 = [255][0][59]
-58 = [255][0][58]
-57 = [255][0][57]
-56 = [255][0][56]
-55 = [255][0][55]
-54 = [255][0][54]
-53 = [255][0][53]
-52 = [255][0][52]
-51 = [255][0][51]
-50 = [255][0][50]
-49 = [255][0][49]
-48 = [255][0][48]
-47 = [255][0][47]
-46 = [255][0][46]
-45 = [255][0][45]
-44 = [255][0][44]
-43 = [255][0][43]
-42 = [255][0][42]
-41 = [255][0][41]
-40 = [255][0][40]
-39 = [255][0][39]
-38 = [255][0][38]
-37 = [255][0][37]
-36 = [255][0][36]
-35 = [255][0][35]
-34 = [255][0][34]
-33 = [255][0][33]
-32 = [255][0][32]
-31 = [255][0][31]
-30 = [255][0][30]
-29 = [255][0][29]
-28 = [255][0][28]
-27 = [255][0][27]
-26 = [255][0][26]
-25 = [255][0][25]
-24 = [255][0][24]
-23 = [255][0][23]
-22 = [255][0][22]
-21 = [255][0][21]
-20 = [255][0][20]
-19 = [255][0][19]
-18 = [255][0][18]
-17 = [255][0][17]
-16 = [255][0][16]
-15 = [255][0][15]
-14 = [255][0][14]
-13 = [255][0][13]
-12 = [255][0][12]
-11 = [255][0][11]
-10 = [255][0][10]
-9 = [255][0][9]
-8 = [255][0][8]
-7 = [255][0][7]
-6 = [255][0][6]
-5 = [255][0][5]
-4 = [255][0][4]
-3 = [255][0][3]
-2 = [255][0][2]
-1 = [255][0][1]
0 = [255][0][0]
1 = [255][1][0]
2 = [255][2][0]

253 = [255][253][0]
254 = [255][254][0]
255 = [255][255][0]
256 = [254][255][0]
257 = [253][255][0]

508 = [2][255][0]
509 = [1][255][0]
510 = [0][255][0]
511 = [0][255][1]
512 = [0][255][2]

763 = [0][255][253]
764 = [0][255][254]
765 = [0][255][255]
766 = [0][254][255]
767 = [0][253][255]

1018 = [0][2][255]
1019 = [0][1][255]
1020 = [0][0][255]
1021 = [1][0][255]
1022 = [2][0][255]

1273 = [253][0][255]
1274 = [254][0][255]
1275 = [255][0][255]
1276 = [255][0][254]
1277 = [255][0][253]

1528 = [255][0][2]
1529 = [255][0][1]
1530 = [255][0][0]
1531 = [255][1][0]
1532 = [255][2][0]

1778 = [255][248][0]
1779 = [255][249][0]
1780 = [255][250][0]
